179860
178476
180257
177847
179511
177736
179363
178309
180055
178781
178985
178016
179174
178173
179684
178656
178477
179862
177737
179513
180263
180060
179371
178786
178310
177856
178020
178991
178176
179176
178660
179686
178484
180266
179517
179870
178789
180061
178317
177871
179380
178021
177738
179179
178178
178997
178489
178661
179694
179524
180276
178328
178801
180074
179871
177878
177741
178182
179390
179184
179009
178022
178502
178662
179701
180278
178330
179880
178805
179526
177879
177745
179193
178189
178025
180085
179011
179391
180280
179704
178664
178514
178806
178190
179884
179545
178347
177880
179015
179194
177749
178026
180091
179396
179708
178665
178515
180289
178193
178810
179546
179892
177881
178357
179215
179028
177750
180096
179399
178027
178671
179709
178205
178520
178812
177884
180314
178358
179550
179900
179037
177754
179217
178672
179714
180099
179400
178030
178207
178522
178818
179553
180315
177762
179055
178363
179913
179221
179715
177889
179406
178035
180100
178211
178531
178822
178677
179556
179058
177765
180339
178368
179411
179917
179722
179223
177895
180108
178828
179074
178533
178212
179558
178688
178039
180342
177768
179412
179919
179723
180125
178376
177900
179231
178537
178835
179082
178691
178040
179585
178214
180350
177771
179427
179730
177911
179235
180131
178847
178542
178377
179086
179924
178692
178217
179592
178042
180364
177773
179431
179731
179240
177918
178547
178853
180136
178381
178694
178223
179927
179094
178055
177783
179593
180365
179245
179733
177924
179438
178858
178572
178383
177784
178231
178695
180137
179930
179594
179096
180370
178062
178583
179746
179251
178864
179440
177788
177927
178390
180155
178700
178236
179597
180372
179098
178584
179934
179783
177790
179255
178865
178064
179450
177935
178393
180163
178705
178596
178237
180373
179602
179107
177792
179941
179257
178066
179787
178870
179452
177937
178404
180173
178719
178604
178240
177793
180376
179115
179614
178070
179946
179264
179788
178875
177942
179456
180186
178408
178720
178607
177795
178244
179116
179621
179272
180383
179952
179792
178878
177950
178073
180190
179457
178730
178613
177796
178414
178245
179624
179123
179955
180386
178081
179796
179273
178888
177954
179459
180192
178617
177799
178735
178415
178246
179625
179277
180393
179126
179956
178083
179799
177960
180199
178924
179461
178623
177802
178416
178736
179628
178251
179976
180397
179278
178926
180200
179128
179800
178086
178624
179466
177970
177812
178738
180410
179641
178419
179289
179978
179130
178937
178253
180202
179809
178098
178625
179468
178739
177973
177816
178431
179642
179989
179298
178266
180205
178952
179131
179812
178101
178629
178743
179473
177826
177974
178439
179645
178275
180212
179303
178954
179814
179132
178630
179998
178744
179474
178447
177976
180417
177830
179659
178279
180214
178961
179815
179304
179141
178636
180006
179480
177979
178450
180423
178746
178283
177832
180219
178965
178103
179661
179321
179818
179143
178640
179482
180007
178284
180424
177835
180225
178454
178113
178748
177982
179668
178971
179329
179831
178647
179144
179483
178285
180436
180009
180234
177841
178124
179670
177983
178455
178973
179337
178652
179846
178751
179148
180437
178299
180241
180015
178141
178974
179494
179671
178655
177845
179340
178757
178458
179849
179154
180243
180438
178302
178145
180017
180454
179497
177846
178980
178465
179675
180254
179344
179156
178761
179851
180441
177986
180032
180465
180650
178303
178157
179352
179506
179682
180810
178769
180996
179853
180448
178470
179159
177992
180472
180037
180651
181143
181350
178162
180812
179508
180449
180997
181536
178774
181681
178474
181895
180473
180659
177995
180039
181355
178164
181147
182227
180814
181682
182068
181538
181899
182396
182589
180999
180479
178004
182755
180661
178169
181161
180819
182398
182231
181691
182071
181540
181901
180483
182593
182972
181358
180664
182756
182399
183168
180832
182235
181001
181175
181905
182074
181544
180488
181703
182612
180667
182977
181359
182762
183170
182404
180834
181548
181004
182076
181183
181912
182250
182625
180669
181720
181371
180491
182981
182406
183178
180836
181008
181552
182084
182262
181189
181372
182641
181914
180670
181724
182983
180497
182764
182413
183182
180837
182092
181554
181191
182267
181021
180672
181916
182642
181384
182786
182415
182999
183188
180501
181729
182093
181558
180839
181192
182269
180673
181918
181024
182792
181386
182648
183012
182423
180504
181736
182094
181565
180840
182274
183189
181930
181206
181026
181389
180676
182650
182793
180507
182459
183016
181566
182097
180843
182285
181931
181738
183194
181213
181032
181392
180678
182656
180517
182800
183018
182461
181572
180844
182101
181937
182293
181041
182658
181741
181402
182801
183200
180521
181219
180685
182468
183020
182106
181940
181578
180851
181042
182664
182803
181228
182486
182294
181403
180522
180689
183203
181749
182110
180856
183023
182669
182815
181407
181581
182297
182487
181942
180529
181046
181230
180690
183205
181754
180881
182126
182678
181411
181058
182490
183025
182300
182818
181587
180535
181944
183213
181241
180692
180890
181768
182127
182679
181063
182508
181416
183031
182318
182827
181954
183215
180537
181597
181247
180696
182131
181785
180893
182682
181066
182514
182323
181424
183036
181959
180538
182836
183216
181251
182135
180697
181599
180895
181073
182686
182516
182324
183041
181970
180548
181435
182851
181789
183222
181609
181252
180704
180906
181074
182517
182691
182141
183043
182329
181437
181972
183230
180553
181262
182859
181610
180707
180920
181794
182518
182692
181076
183065
183232
182155
182335
180566
181438
181272
181977
180716
182860
180922
181627
182695
182521
183067
181081
182156
181463
182336
183236
180583
181998
181273
182700
180939
182524
181802
181629
180725
181090
182879
182337
183077
181471
182165
183240
180589
181274
181999
180940
182533
181808
181639
182890
180729
182348
182166
183079
183249
181474
180592
181275
181095
182005
182539
181820
180945
181640
182701
182351
180739
182894
183081
183253
181481
182176
180605
181099
181280
181824
182021
180743
182356
181641
183085
182702
180946
182901
181486
182552
182181
183256
180610
181101
181288
182025
181833
181644
180763
182359
182906
181489
183091
180949
182706
182554
180623
183260
181107
182182
181837
181290
182364
181649
180771
182910
182028
183095
182707
180951
182557
183272
181112
180625
182183
181498
181308
181655
180773
181841
182370
182916
183099
182029
182711
180953
182560
180629
183275
182184
181121
181309
180778
182372
181503
181662
181848
183103
182917
180965
182716
182561
180636
182030
183277
181316
181123
182190
182375
180969
181508
181668
180795
182921
181855
183104
182567
182033
183301
180645
181328
182717
181131
182192
182377
181528
180974
180797
181669
183105
181865
182925
182581
182043
183304
181329
183325
182194
182719
181529
182379
183129
181135
180983
180807
181672
181873
182930
182582
182046
183308
183326
181330
181530
182205
182383
183615
183458
181877
181139
181673
182726
183132
182943
183314
182585
182050
181345
183628
183331
183466
182223
181534
181882
181677
182738
182385
183140
183895
181141
184100
183467
182961
183342
184266
183321
183632
184424
182224
181884
182058
182739
183144
184588
183896
184109
184777
183472
182963
184267
183636
183350
185156
183322
183167
184433
184968
181886
184595
184778
183900
184111
182753
183473
184272
183642
185162
182964
183323
185319
184436
184600
184779
183352
183905
184116
181893
183476
185450
184970
184288
183668
185166
185648
185814
185322
184786
184440
183910
184602
185983
184118
183353
183483
185453
184299
184971
183674
185167
185652
185819
183911
184606
185325
184450
184787
185984
184120
183485
183355
185454
184309
183687
185191
185654
185831
183912
185333
185991
184461
184975
184790
184607
184127
183497
183356
184316
185469
183698
185196
185655
185832
183921
185999
185335
184470
184623
184797
184135
183500
184979
183360
184324
183704
185200
185478
185662
186001
185833
183922
185338
184473
184801
184633
183504
184136
184981
184325
183706
185488
185201
185679
186002
185835
185340
184639
183925
184802
183361
184474
183506
184142
184332
185683
183720
185217
186014
185506
184983
185348
183927
184640
185842
184808
183363
184477
183507
184144
185686
183726
184340
185218
186015
185520
185843
185353
183958
184818
184984
184643
183511
184483
184145
185693
183737
184342
186016
185222
185524
185358
185853
183965
184821
183522
184154
184652
183369
184987
184491
185698
186017
185224
183752
185525
185860
184349
185361
183970
184827
183523
184167
184653
184492
185700
185243
186018
183758
185862
185530
185367
184828
184995
184658
183975
184350
183526
183370
184170
184498
185703
186022
183772
185245
185864
185371
184843
185545
185006
184355
184681
183980
183532
184174
184499
185708
186027
183773
185247
185866
184849
185380
185550
185008
184356
184683
183533
183985
184187
184501
185716
183375
185873
186032
185253
183787
185015
185555
185385
184853
184357
184686
183537
184195
184502
183987
185874
185729
185256
186037
183790
185023
185564
183378
184364
184857
184693
185391
184203
184503
183538
183995
185730
185892
185258
186040
183797
185025
184863
184368
185570
183393
185393
184696
184204
184510
183546
185731
184007
185895
185261
186042
183798
185029
184370
184868
185574
184709
184205
185396
184515
183555
183413
185735
185899
184019
185263
183800
186043
185576
184872
184374
185032
185401
184711
184220
184516
183562
185753
184038
185904
185265
183812
186054
185578
183415
184377
184888
184716
185404
185037
184221
183570
184526
185757
185905
184042
185271
185579
183842
186057
184378
184900
185406
184717
183416
185048
184234
183574
185760
184531
185906
184051
185281
183859
185586
184390
186071
184903
183425
184720
185409
185058
184238
183587
185771
184543
185907
183863
185591
185286
184052
186073
184393
184910
183426
184727
185411
184241
185064
183589
185772
184546
185910
183873
185288
185597
184057
184394
186074
184913
184730
184243
185412
183428
185068
183592
185773
185911
184555
183874
185291
185608
184061
186081
184925
184395
184244
184736
185417
183435
185083
183598
185777
184557
185918
185611
183876
185292
184083
184737
186087
184246
184397
184926
185422
183438
185085
183604
185779
185922
184560
183879
185298
185627
184087
186088
184743
184404
184256
185424
184937
183440
185091
183610
185781
185933
184562
183886
185301
184088
184405
186093
185629
185425
184258
184744
184952
185095
183446
185794
186132
186293
185306
184567
184091
185936
186094
185433
184420
185634
184264
184750
184956
185109
183448
185795
186295
184578
185310
186140
184097
185944
184422
186095
185636
185434
184755
186454
184962
185111
185800
183450
185311
184581
186296
186614
186144
185946
186811
185442
185640
186105
186975
186466
187157
185114
183452
185807
187361
186621
186298
187514
186813
185952
185444
185643
186469
186108
186145
186977
187159
183454
185118
185813
187367
186306
187523
186626
186819
185646
186980
185964
187673
186116
186475
187175
183456
185141
186159
187832
186314
187525
186827
187373
186632
188376
187674
186987
187195
186478
187986
188575
185155
186167
188127
187839
187535
186316
186841
187374
186636
187686
186989
188382
187200
186488
186179
187842
188159
187995
188576
186320
186843
186644
187687
187537
186990
186493
188385
187376
187201
188165
186181
187850
188578
186333
188007
186645
186845
187689
187539
188387
187379
187202
186494
186995
188170
187858
186185
186336
186648
186856
188008
188582
187543
187691
186501
187203
187386
188396
188178
186189
187005
187862
186341
186874
186650
187549
187696
186503
187205
188402
188583
188180
187007
187387
187867
186197
188019
186343
186876
186655
187557
187716
186515
188411
187210
187009
188585
188188
187389
186201
187877
188027
186877
186349
186666
187561
187718
186517
188413
188189
188587
187017
186204
187881
187397
187217
188033
186878
186673
186351
187572
187724
186518
188420
187024
188192
187882
186207
188590
187401
188034
186356
186879
186675
187231
187727
186521
188421
187575
186210
187883
188205
187402
187029
188594
188035
186886
186360
186676
186526
188422
187236
187412
186213
187886
187577
188207
187736
187032
188596
186361
186895
188042
186699
186527
188424
187241
187413
187888
186214
188209
187589
187035
187737
186363
186912
188618
186705
188048
186528
188425
187242
187415
188218
186226
187043
187593
187895
186366
187754
186709
188624
186925
186535
188432
187247
187425
188224
186228
188050
187046
186367
186710
187908
187758
187596
186536
187257
186926
188434
188628
187428
188225
186246
187047
188055
186721
186371
187913
187263
187767
186541
186927
188437
188228
186247
187062
187608
188632
187429
186375
186727
187914
188056
187264
187768
186550
186929
188463
186249
188238
187065
187610
186730
186379
187916
188633
186552
188482
187769
187265
186932
187431
188244
186250
187068
186385
186733
188490
186555
187771
186937
187283
188065
187615
187432
187925
188248
186254
187077
186402
188493
186746
186561
186939
187294
187775
187926
188257
186261
187617
187084
188075
186405
186758
188494
186562
187297
187435
186941
187777
187622
186263
188266
187101
187932
186412
186767
187298
186582
186944
187444
188498
188285
188076
187633
186268
187779
187121
186420
186768
187299
186586
186945
187940
188508
186271
187458
188286
187636
186428
187123
186772
187306
188080
186589
186952
187782
188513
187641
187947
186272
188295
187465
186434
186780
187128
187307
186593
186958
188082
187784
188304
187642
186285
188518
187470
187952
186443
187129
186784
187308
186596
186959
187787
188083
188319
187649
186286
188524
186444
187130
187953
187472
186789
186597
187312
187807
186967
188331
187652
186289
188085
187132
188530
186797
187474
186610
187956
186972
187813
187654
188332
187314
187135
188537
188087
186810
187958
187477
186973
187817
187658
188339
187325
187149
188538
188088
187963
187824
187485
187660
188345
188559
187327
187827
187666
188353
187965
187495
188564
188092
187829
187672
188359
187496
187966
188568
188098
187830
187507
187978
188108
187984
188111
188117
188118
188121
188124
188125
