180257
178476
179860
177847
179511
180055
177736
178309
179363
178781
178985
179684
178016
178173
179174
178656
177737
178477
179862
179513
180060
178786
179371
180263
178310
177856
178991
178020
178176
178660
179176
179686
178484
180266
180061
179517
178789
179870
177871
178317
179380
178021
178178
178997
178661
177738
179179
179694
178489
180276
179524
180074
178801
177878
178328
179871
178182
179009
179390
178022
179184
177741
179701
178662
180278
178502
178330
178805
177879
179880
180085
178189
179526
179011
178025
179193
177745
179704
179391
178664
180280
178514
178806
178190
177880
179884
178347
179015
179545
180091
178026
179708
179194
179396
178665
177749
180289
178515
177881
178193
178810
178357
179892
179546
179028
180096
179399
179215
178671
179709
177750
178027
178205
177884
178520
178812
179037
178358
179900
180314
179550
180099
179714
179217
178672
179400
177754
178030
178207
179055
178522
178818
179553
178363
180315
177889
179913
179715
179406
179221
180100
177762
178035
178677
178211
179058
178822
178531
179556
177895
178368
180339
179411
179722
179917
179223
180108
177765
179074
178039
178688
178212
178828
179558
178533
180342
177900
179412
179919
180125
178376
179723
179231
177768
179082
178691
178040
178835
178537
178214
179585
177911
180350
179427
180131
179730
179235
177771
178377
179924
178692
179086
178042
178847
178542
178217
179592
180364
177918
179431
179731
179240
180136
177773
178381
178694
179927
178055
178223
178547
178853
179593
179094
177924
180365
177783
179245
179733
179438
178383
180137
178695
179930
178231
178572
178858
179594
180370
178062
177784
177927
179096
179251
178390
179440
179746
180155
178583
178700
178864
178236
179934
177788
180372
179597
178064
177935
179098
178393
179255
179450
179783
180163
178584
178237
178705
178865
177790
180373
179941
179602
178066
177937
179107
179257
178404
178596
179787
179452
180173
178719
177792
178870
178240
178070
179946
180376
177942
179614
179115
179264
179788
178604
179456
178408
180186
177793
178720
178875
178244
179952
178073
180383
177950
179621
179116
179792
179272
178607
180190
179457
177795
178414
178730
178878
178081
179955
178245
179624
177954
180386
179123
178613
180192
179796
179459
179273
177796
178415
178735
178888
178246
179625
178083
179956
180393
177960
178617
179277
180199
179461
179126
177799
179799
178416
178736
178924
179628
179976
180397
178251
178086
180200
178623
179278
177970
177802
179800
179466
179128
178738
178419
178926
180410
179641
179978
178253
178098
180202
178624
179289
177812
179130
177973
179809
178739
179468
178431
178937
179642
178266
178101
179989
180205
179298
178625
179131
179812
177816
178743
177974
178439
179473
178952
178275
180212
179645
178629
179303
179814
177826
179132
179998
180417
178744
178447
177976
178103
178954
179474
178279
180214
179659
178630
179815
180423
179304
179141
180006
177830
178450
178746
177979
178113
178961
179480
178283
180219
179661
178636
180424
179818
179321
179143
180007
177832
178454
178965
178748
178124
178284
177982
179482
180225
179668
180436
179831
179329
178640
177835
179144
180009
178141
178285
178455
178971
177983
178751
179483
180234
179670
180437
179846
178647
179337
179148
180015
177841
178299
178145
178973
180241
178757
179494
178458
179671
180438
178652
179340
179849
179154
177986
180017
178974
177845
178302
180243
178761
178157
179497
178465
180441
178655
179156
179675
179344
177992
179851
180032
177846
180254
178980
178769
178303
180448
179506
180454
178162
179352
178470
179682
179853
179159
180037
177995
180650
180996
180810
180449
178164
180465
178774
181143
179508
181350
178474
181536
181895
181681
178004
180651
180039
180997
180812
180472
178169
182227
182068
181355
181147
182396
182589
181682
181899
180659
181538
182755
182972
180814
180473
183168
182071
182398
182231
181161
180999
182593
181691
181901
181540
180661
182756
182977
181358
180479
180819
183170
182399
182074
182235
182612
181905
181175
180664
181544
181703
181359
182981
181001
180483
182762
180832
183178
182404
182076
182625
182250
180667
181548
181912
181371
181183
181720
182983
181004
183182
180488
180834
182406
182084
182641
182262
180669
181552
181372
182764
181189
181914
181724
181008
182999
180836
183188
182413
182092
180491
182267
182786
182642
180670
181554
181191
181384
181916
183012
182093
180837
181729
182415
181021
180497
183189
182269
182792
181558
180672
181386
181918
181192
182648
183016
182094
181736
181024
180839
182423
182274
183194
180501
180673
181565
181930
181389
182650
181206
182793
183018
182097
181026
182459
180840
181738
182285
180504
183200
180676
181566
181931
182800
181392
182656
181213
181032
182101
180843
182461
180507
183020
181741
182293
181937
182658
182801
183203
180678
181572
181402
181219
182468
182106
181041
180844
180517
182664
182803
181940
182294
180685
181749
183205
183023
181578
181403
181228
182110
182486
181042
180521
180851
182815
182669
182297
183213
180689
181407
181754
181942
183025
181581
181230
182487
182126
180856
180522
182818
182300
182678
180690
181411
183215
181046
183031
181944
181768
181241
181587
182490
180529
180881
182127
182679
181058
181416
182827
182318
183216
180692
181954
183036
181785
181597
182508
181247
180890
180535
182131
182682
181063
183222
180696
181424
181959
182323
182836
183041
182514
181251
181599
182135
180537
181789
180893
181066
183230
182686
182324
180697
181970
182851
181435
183043
181609
181252
182516
180538
181073
180895
182691
183232
180704
181972
181794
183065
181437
182329
182141
182859
181262
182517
181610
180548
181074
180906
182692
183236
180707
183067
182335
182860
181438
181977
182155
181272
182518
180553
181627
181802
182695
180920
180716
181076
183240
181463
183077
181998
182336
182156
182521
180566
182879
182700
181273
181629
181808
180922
183249
181081
182337
181999
180725
181471
183079
182165
182524
182890
181274
180939
181820
180583
181639
181090
182348
183253
180729
183081
182005
182166
181474
182701
182533
182894
181275
180940
181824
180589
181640
183256
182351
183085
180739
181481
182021
182176
182702
181095
182539
182901
181280
180592
181833
181641
180945
182356
180743
183260
181486
181099
183091
182025
182181
182706
182906
181837
181288
181644
180605
182552
182359
180946
180763
183272
181489
183095
181101
182182
182910
182707
182028
181841
181649
180610
182554
181290
182364
180771
180949
183275
183099
181107
182183
182916
181498
182711
182029
181655
181848
180623
181308
182557
182370
180773
180951
181112
183103
183277
182917
182184
182716
181855
181503
181662
182560
181309
180625
182030
182372
180778
183301
180953
181121
183104
182921
182190
182717
181508
182033
180629
181316
181668
182561
182375
181865
180965
180795
183304
183105
181123
182925
182192
182719
181528
182377
181328
182567
180636
182043
181873
181669
180969
183308
183129
180797
181131
182930
182194
181529
182581
181877
182379
180645
181329
182046
180974
181672
183314
182726
180807
183132
181135
181530
182943
182205
182383
181882
181330
182582
183325
180983
182050
181673
183458
183321
182738
183140
181139
181534
182223
183615
181884
183326
182961
181345
182585
182385
183466
181677
182739
183144
182058
183322
183895
183628
182224
181886
184100
183331
184424
184266
183467
182963
181141
184588
184777
183167
183323
182753
183896
184109
184267
183472
181893
185156
184595
183632
184778
183342
185319
184968
184433
182964
185450
185648
183900
184111
184272
183473
184600
185162
185814
183636
184779
185322
184436
185983
183350
185453
184970
185652
183905
184116
184288
183476
183642
184602
185819
185166
184786
185325
184440
185984
185454
185654
183352
184971
183910
184118
184299
184606
185831
183483
185167
183668
184787
185333
184450
185991
185469
185655
183353
183911
184120
184309
184975
185832
185191
184607
183485
183674
184790
185335
184461
185999
185478
185662
183912
183355
184127
184316
185833
184623
183497
185196
183687
185338
184797
184470
184979
186001
185488
185679
183921
183356
184324
184135
183500
184633
185200
185835
183698
185340
184473
184801
186002
184981
185683
185506
183922
183360
183504
184136
184325
185201
184639
183704
185348
185842
184474
184802
186014
185686
184983
185520
183925
183506
185217
184142
184332
184640
183706
185843
185353
184808
184477
186015
183361
185693
185524
184984
183927
185218
184144
183507
184340
183720
184818
184643
184483
185853
185358
186016
183363
185698
185525
183958
184987
185222
184145
183511
183726
184342
184652
184821
185361
185860
184491
186017
185700
185530
183965
185224
184154
183737
183522
184653
184827
185862
185367
184349
183369
184492
186018
184995
185703
185545
183970
184167
185243
183523
185864
183752
184828
185371
184658
184498
186022
185006
184350
185708
185550
183370
183975
184170
183526
185245
184843
185866
185380
183758
184681
186027
184499
185008
184355
185716
185555
183980
185247
184174
183772
183532
184849
185873
185385
184683
186032
185015
184501
184356
185729
183375
185564
183773
183533
184187
185253
183985
185874
184686
185391
184853
184357
185023
186037
184502
185730
185570
183537
184693
183787
185256
183378
185892
184195
184857
183987
185393
184364
186040
184503
185025
185731
185574
183790
183538
184696
185258
183393
185895
184203
184863
185396
183995
184368
186042
185029
184510
185735
185576
183797
183546
184709
185261
184204
185899
184868
183413
185401
184370
186043
184007
184515
185032
185753
185578
184711
183555
183798
185904
184872
184205
185263
185404
184374
186054
184019
184516
185037
183415
185757
185579
184716
183562
183800
185905
185265
184220
184888
185406
184377
186057
184038
184526
185048
183416
185760
185586
184717
183570
185271
183812
185906
184900
184221
185409
184378
186071
184042
185058
184531
183425
185771
185591
183574
184720
185907
183842
184903
185411
184234
185281
184390
186073
185064
184051
184543
183426
185772
185597
183587
184727
185910
184910
183859
184238
185412
185286
184393
186074
185068
184546
184052
185773
185608
183428
184730
183589
184241
185288
184913
185911
183863
185417
186081
184394
185083
184555
184057
185777
183435
185611
184925
184736
185918
184243
183592
185291
183873
185422
184395
186087
185085
184557
184061
185779
183438
185627
184926
183598
184244
184737
185922
185292
183874
185424
184397
186088
185091
184560
184083
185781
183440
183604
184246
185629
184937
185933
184743
183876
185298
185425
184404
186093
185095
184562
184087
185794
184256
183446
183610
184952
185634
183879
185433
185301
184744
185936
184405
186094
185109
184567
184088
185795
184258
183448
184956
185636
183886
185434
185306
186132
184750
185944
184420
186095
185111
184578
184091
185800
184264
183450
186293
185640
185442
185310
184962
185946
184755
184422
186105
185114
184581
186140
184097
185807
186454
183452
185444
185643
186295
185952
186614
185311
186975
186811
185118
186108
187157
186144
187361
185813
186466
183454
185646
186621
186296
185964
187673
186977
186813
187514
185141
186116
187159
187367
186145
187832
186469
183456
186626
186298
187674
186819
186980
187523
188376
185155
187986
187175
188127
187373
187839
186159
188575
186475
186632
186306
187686
186827
186987
188382
187525
187195
188159
187995
187374
187842
186167
186636
186478
186314
188576
186841
187687
186989
187535
188385
187200
188165
188007
187850
186179
186644
186488
186316
186843
187376
187689
186990
188578
188387
187537
188170
187201
188008
187858
186181
186320
186493
186645
186845
187691
187379
188396
187539
188582
186995
188178
187202
187862
186185
186333
186494
187696
186648
186856
187386
188402
187543
187005
188180
187203
188019
188583
187867
186189
186336
186501
187716
186650
186874
188411
187387
187549
187007
188188
187205
188585
188027
186197
187877
186503
186341
186655
187718
186876
188413
187389
187009
187557
188189
187210
188033
188587
187881
186515
186343
186201
186666
187724
186877
188420
187397
187561
187017
188192
188034
188590
187217
187882
186204
186349
186517
186673
187727
186878
188421
187572
187401
187024
188205
188035
188594
187883
186351
186207
186518
186675
186879
187231
188422
187402
187029
187575
188207
187736
188042
187886
186356
188596
186210
186521
186676
188424
186886
187412
188209
187032
187236
187577
187737
188048
187888
186360
186213
186526
186895
186699
188618
188425
187413
187035
187241
188218
187589
187754
186361
186214
186705
186912
188432
186527
187895
187415
188050
188624
187043
187242
188224
187593
187758
186363
186709
186226
186528
188434
187908
186925
187425
187046
188225
187247
188055
188628
187767
187596
186366
186228
186710
186535
188437
187913
187428
187047
187257
186926
188228
188056
188632
187768
186721
186367
186246
187608
186536
188463
187914
187062
187263
188238
186927
187429
187769
186727
186371
188633
186247
186541
188482
188065
187610
187916
187065
187264
186929
188244
187431
187771
186730
186375
186249
188490
186550
187068
187265
186932
188248
187925
187615
188075
187432
187775
186733
188493
186552
186250
186379
187077
187283
186937
188257
187926
186746
187617
186555
186254
188494
186385
187777
188076
187435
187084
187294
186939
188266
187932
186758
187622
186261
186561
186402
187779
187444
188498
187297
187101
186941
188285
188080
186767
187940
187633
186263
186562
186405
187298
188508
187121
186944
188286
187782
187458
188082
186768
186268
187636
186582
186412
187299
187123
187947
186945
188513
188295
187784
187465
188083
186772
186271
186420
186586
187641
187306
187128
186952
187952
188518
188304
187787
187470
186780
186272
187642
186589
188085
186428
187307
187129
186958
187953
188319
187807
188524
187472
186434
186593
186285
186784
187649
188087
187130
186959
187308
188331
187813
188530
187956
187474
186443
186596
186789
186286
187652
187132
188088
186967
187312
188332
187817
188537
187958
186797
186597
186444
187654
186289
187477
187135
186972
188339
187824
188538
187314
188092
186810
186610
187658
187963
187485
187149
188345
186973
187827
188559
187325
188098
187660
187495
187965
188353
187829
188564
187327
187666
188108
187496
187966
188359
187830
188568
187672
188111
187507
187978
188117
187984
188118
188121
188124
188125
